<nazwa miasta>
<koszt zakupu>
<oplata za domek>
<oplata za hotel>
<oplata za postoj>
<oplata za postoj z domkiem 1>
<oplata za postoj z domkiem 2>
<oplata za postoj z domkiem 3>
<oplata za postoj z domkiem 4>
<oplata za postoj z hotelem>
<hipoteka>

//Podlasie
Miasto 1
120
100
100
5
40
60
180
320
500
60

Miasto 2
120
100
100
10
40
120
360
640
900
60

//Swietokrzyskie
Miasto 1
200
100
100
15
60
180
540
800
1100
100

Miasto 2
200
100
100
15
60
180
540
800
1100
100

Miasto 3
240
100
100
20
80
200
600
900
1200
120

//Wojewodztwo 3
Miasto 1
280
200
200
20
100
300
900
1250
1500
140

Miasto 2
280
200
200
20
100
300
900
1250
1500
140

Miasto 3
320
200
200
25
120
360
1000
1400
1600
160

//Wojewodztwo 4
Miasto 1
360
200
200
30
140
400
1100
1500
1800
180

Miasto 2
360
200
200
30
140
400
1100
1500
1800
180

Miasto 3
400
35
160
440
1200
1600
2000
200

//Wojewodztwo 5
Miasto 1
440
300
300
35
180
500
1400
1750
2100
220

Miasto 2
440
300
300
35
180
500
1400
1750
2100
220

Miasto 3
480
300
300
40
200
600
1500
1650
2200
240

//Wojewodztwo 6
Miasto 1
520
300
300
220
660
1600
1950
2300
260

Miasto 2
520
300
300
220
660
1600
1950
2300
260

Miasto 3
560
50
300
300
240
720
1700
2400
280

//Wojewodztwo 7
Miasto 1
600
400
400
55
260
780
1900
2200
2550
300

Miasto 2
600
400
400
55
260
780
1900
2200
2550
300
Miasto 3
640
400
400
60
300
900
2000
2400
2600
320

//Wojewodztwo 8
Miasto 1
700
400
400
70
350
1000
2200
2600
3000
350

Miasto 2
800
400
400
100
400
1200
2800
3400
4000
400